vec <- c((1:100)[(1:100 %% 2) != 0 & (1:100 %% 3) != 0 & (1:100 %% 7) != 0])
vec
